52 39
8 8 8 8 8 8 8 12 12 8 8 8 8 8 8 8 8 8 8 8 8 8 8 8 8 8 8 8 8 8 8 8 8 12 12 8 8 8 8 8 8 8 8 8 8 8 8 8 8 8 8 8
8 8 8 8 8 8 8 12 12 8 8 8 8 8 8 8 8 8 8 8 8 8 8 8 8 8 8 8 8 8 8 8 8 12 12 8 8 8 8 8 8 8 8 8 8 8 8 8 8 8 8 8
27 28 8 8 8 8 8 12 12 8 8 8 8 8 8 8 8 8 8 8 8 8 8 8 8 8 8 8 8 8 8 8 8 12 12 8 8 8 8 8 8 8 8 8 8 8 8 8 8 8 8 8
18 18 18 18 8 18 8 8 8 8 8 8 8 8 8 8 8 8 8 8 8 8 8 8 8 8 18 18 18 18 8 18 8 8 8 8 8 8 8 8 8 8 8 8 8 8 8 8 8 8 8 8
8 8 8 8 8 8 8 8 8 8 8 8 8 8 8 8 8 8 8 8 8 8 8 8 8 8 8 8 8 8 8 8 8 8 8 8 8 8 8 8 8 8 8 8 8 8 8 8 8 8 8 8
8 8 8 8 8 8 8 8 8 8 8 8 8 8 8 8 8 8 8 8 8 8 8 8 8 8 8 8 8 8 8 8 8 8 8 8 8 8 8 8 8 8 8 8 8 8 8 8 8 8 8 8
8 8 8 8 8 8 8 12 12 8 8 8 8 8 8 8 8 8 8 8 8 8 8 8 8 8 8 8 8 8 8 8 8 8 8 8 8 8 8 8 8 8 8 8 8 8 8 8 8 8 8 12
18 18 18 18 8 18 8 12 12 8 8 8 8 8 8 8 8 8 8 8 8 8 8 8 8 8 8 18 18 18 8 18 8 8 8 8 8 8 8 8 8 8 8 8 8 8 8 8 8 8 8 12
18 18 18 18 8 18 8 8 8 8 8 8 8 8 8 8 8 8 8 8 8 8 8 8 8 8 18 18 18 18 8 18 8 8 8 8 8 8 8 8 8 8 8 8 8 8 8 8 8 8 8 8
8 8 8 8 8 8 8 8 8 8 8 8 8 8 8 8 8 8 8 8 8 8 8 8 8 8 8 8 8 8 8 8 8 8 8 8 8 8 8 8 8 8 8 8 8 8 8 8 8 8 8 8
8 8 8 8 8 8 8 8 8 8 8 8 8 8 8 8 8 8 8 8 8 8 8 8 8 8 8 8 8 8 8 8 8 8 8 8 8 8 8 8 8 8 8 8 8 8 8 8 8 8 8 8
8 8 8 8 8 8 8 12 12 8 8 8 8 8 8 8 8 8 8 8 8 8 8 8 8 8 8 8 8 8 8 8 8 8 8 8 8 8 8 8 8 8 8 8 8 8 8 8 8 8 8 12
18 18 18 18 8 18 8 12 12 8 8 8 8 8 8 8 8 8 8 8 8 8 8 8 8 8 8 18 18 18 8 18 8 8 8 8 8 8 8 8 8 8 8 8 8 8 8 8 8 8 8 12
18 18 18 18 8 18 8 8 8 8 8 8 8 8 8 8 8 8 8 8 8 8 8 8 8 8 18 18 18 18 8 18 8 8 8 8 8 8 8 8 8 8 8 8 8 8 8 8 8 8 8 8
8 8 8 8 8 8 8 8 8 8 8 8 8 8 8 8 8 8 8 8 8 8 8 8 8 8 8 8 8 8 8 8 8 8 8 8 8 8 8 8 8 8 8 8 8 8 8 8 8 8 8 8
8 8 8 8 8 8 8 8 8 8 8 8 8 8 8 8 8 8 8 8 8 8 8 8 8 8 8 8 8 8 8 8 8 8 8 8 8 8 8 8 8 8 8 8 8 8 8 8 8 8 8 8
8 8 8 8 8 8 8 12 12 8 8 8 8 8 8 8 8 8 8 8 8 8 8 8 8 8 8 8 8 8 8 8 8 8 8 8 8 8 8 8 8 8 8 8 8 8 8 8 8 8 8 12
18 18 18 18 8 18 8 12 12 8 8 8 8 8 8 8 8 8 8 8 8 8 8 8 8 8 8 18 18 18 8 18 8 8 8 8 8 8 8 8 8 8 8 8 8 8 8 8 8 8 8 12
18 18 18 18 8 18 8 8 8 8 8 8 8 8 8 8 8 8 8 8 8 8 8 8 8 8 18 18 18 18 8 18 8 8 8 8 8 8 8 8 8 8 8 8 8 8 8 8 8 8 8 8
8 8 8 8 8 8 8 8 8 8 8 8 8 8 8 8 8 8 8 8 8 8 8 8 8 8 8 8 8 8 8 8 8 8 8 8 8 8 8 8 8 8 8 8 8 8 8 8 8 8 8 8
8 8 8 8 8 8 8 8 8 8 8 8 8 8 8 8 8 8 8 8 8 8 8 8 8 8 8 8 8 8 8 8 8 8 8 8 8 8 8 8 8 8 8 8 8 8 8 8 8 8 8 8
8 8 8 8 8 8 8 12 12 8 8 8 8 8 8 8 8 8 8 8 8 8 8 8 8 8 8 8 8 8 8 8 8 8 8 8 8 8 8 8 8 8 8 8 8 8 8 8 8 8 8 12
18 18 18 18 8 18 8 12 12 8 8 8 8 8 8 8 8 8 8 8 8 8 8 8 8 8 8 18 18 18 8 18 8 8 8 8 8 8 8 8 8 8 8 8 8 8 8 8 8 8 8 12
18 18 18 18 8 18 8 8 8 8 8 8 8 8 8 8 8 8 8 8 8 8 8 8 8 8 18 18 18 18 8 18 8 8 8 8 8 8 8 8 8 8 8 8 8 8 8 8 8 8 8 8
8 8 8 8 8 8 8 8 8 8 8 8 8 8 8 8 8 8 8 8 8 8 8 8 8 8 8 8 8 8 8 8 8 8 8 8 8 8 8 8 8 8 8 8 8 8 8 8 8 8 8 8
8 8 8 8 8 8 8 8 8 8 8 8 8 8 8 8 8 8 8 8 8 8 8 8 8 8 8 8 8 8 8 8 8 8 8 8 8 8 8 8 8 8 8 8 8 8 8 8 8 8 8 8
8 8 8 8 8 8 8 12 12 8 8 8 8 8 8 8 8 8 8 8 8 8 8 8 8 8 8 8 8 8 8 8 8 8 8 8 8 8 8 8 8 8 8 8 8 8 8 8 8 8 8 12
18 18 18 18 8 18 8 12 12 8 8 8 8 8 18 18 18 18 18 18 18 8 8 8 8 8 8 18 18 18 8 18 8 8 8 8 8 8 8 8 8 8 8 8 8 8 8 8 8 8 8 12
18 18 18 18 8 18 8 8 8 8 8 8 8 8 8 18 18 18 18 18 18 18 18 18 18 18 18 18 18 18 8 18 8 8 8 8 8 8 8 8 8 8 8 8 8 8 8 8 8 8 8 8
8 8 8 8 8 8 8 8 8 8 8 8 8 8 8 8 8 8 8 38 38 38 38 38 38 8 8 8 8 8 8 8 8 8 8 8 8 8 8 8 12 8 8 8 8 8 8 8 8 8 8 8
8 8 8 8 8 8 8 8 8 8 8 8 8 8 8 8 8 8 8 8 38 38 38 38 38 38 38 38 8 8 8 8 8 8 8 8 8 8 12 12 8 8 8 8 8 8 8 8 8 8 8 8
8 8 8 8 8 8 8 12 12 8 8 8 8 8 8 8 8 8 8 8 8 8 8 8 8 8 8 8 8 8 8 12 12 12 12 12 8 8 8 8 8 8 8 8 8 8 8 8 8 8 8 12
18 18 18 18 8 18 8 12 12 8 8 8 8 8 8 8 8 8 8 8 8 8 8 8 8 12 8 18 18 18 8 18 8 8 8 8 8 8 8 8 8 8 8 8 8 8 8 8 8 8 8 12
18 18 18 18 8 18 8 8 8 8 8 8 8 8 8 8 8 8 8 8 8 8 8 8 8 8 12 18 18 18 8 18 8 8 8 8 8 8 8 8 8 8 8 8 8 8 8 8 8 8 8 8
8 8 8 8 8 8 8 8 8 8 8 8 8 8 8 8 8 8 8 8 12 12 12 12 12 12 12 12 12 8 8 8 8 8 8 8 8 8 8 8 8 8 8 8 8 8 8 8 8 8 8 8
8 8 8 8 8 8 8 8 8 8 8 8 8 8 8 8 8 8 8 8 8 8 8 8 8 8 8 8 8 8 8 8 8 8 8 8 8 8 8 8 8 8 8 8 8 8 8 8 8 8 8 8
8 8 8 8 8 8 8 12 12 8 8 8 8 8 8 8 8 8 8 8 8 8 8 8 8 8 8 8 8 8 8 8 8 8 8 8 8 8 8 8 8 8 8 8 8 8 8 8 8 8 8 12
18 18 18 18 8 18 8 12 12 8 8 8 8 8 8 8 8 17 17 17 17 17 17 17 17 17 8 18 18 18 8 18 8 8 8 8 8 8 8 8 8 8 8 8 8 8 8 8 8 8 8 12
27 28 27 28 27 28 27 28 27 28 28 28 28 27 28 27 28 27 28 27 28 27 28 28 28 28 27 28 27 28 27 28 27 28 27 28 28 28 28 27 28 27 28 27 28 27 28 27 28 28 28 28